[22,27,16,2,18,6]
Insertion sort:
1- [2,27,16,22,18,6]
2- [2,6,16,22,18,27]
3- [2,6,16,18,22,27]
Big O : O(n^2)
18 is avarage case.

[7,3,5,8,2,9,4,15,6]
1- [2,3,5,8,7,9,4,15,6]
2- [2,3,4,8,7,9,5,15,6]
3- [2,3,4,5,7,9,8,15,6]
4- [2,3,4,5,6,9,8,15,7]

#MERGE SORT
[16,21,11,8,12,22]
1- [16,21,11] - [8,12,22]
2- [16]-[21,11] -- [8]-[12,22]
3- [11,16,21]--[8,12,22]
4- [8,11,12,16,21,22]
O(n)

#BINARY SEARCH TREE
[7, 5, 1, 8, 3, 6, 0, 9, 4, 2]
1- Root is 7;
    5,1,3,0,4,2,6 are on left side
    8,9 are on right side